1.699300000000000068e+02
1.804699999999999989e+02
5.610699999999999363e+02
8.182000000000000455e+02
2.466200000000000045e+02
2.893500000000000227e+02
9.919500000000000455e+02
4.215799999999999841e+02
3.500399999999999636e+02
7.635000000000000000e+02
4.462899999999999636e+02
6.996499999999999773e+02
7.591000000000001364e+02
5.928099999999999454e+02
6.168600000000000136e+02
4.911299999999999386e+02
5.422899999999999636e+02
3.875500000000000114e+02
6.274500000000000455e+02
7.116599999999999682e+02
4.630000000000000000e+02
7.364399999999999409e+02
8.751100000000000136e+02
9.551900000000000546e+02
7.813300000000000409e+02
3.588600000000000136e+02
3.736899999999999977e+02
1.229369999999999891e+03
1.102360000000000127e+03
8.524199999999999591e+02
1.022719999999999800e+03
5.047200000000000273e+02
8.907500000000000000e+02
9.755699999999999363e+02
8.247799999999999727e+02
5.353199999999999363e+02
8.988099999999999454e+02
9.035199999999999818e+02
1.100059999999999945e+03
6.333099999999999454e+02
7.682799999999999727e+02
9.031599999999998545e+02
1.264620000000000118e+03
1.331730000000000018e+03
1.138820000000000164e+03
1.005200000000000045e+03
5.598899999999999864e+02
1.220130000000000109e+03
7.902799999999999727e+02
6.821099999999999000e+02
8.970800000000001546e+02
1.783990000000000009e+03
1.236740000000000009e+03
6.441500000000000909e+02
1.366920000000000073e+03
8.399999999999998863e+02
1.565199999999999818e+03
1.143150000000000091e+03
9.705999999999999091e+02
9.117400000000000091e+02
1.543299999999999955e+03
1.012299999999999955e+03
9.135099999999999909e+02
1.075299999999999955e+03
9.369099999999999682e+02
8.719700000000000273e+02
9.059200000000000728e+02
9.016099999999999000e+02
1.322710000000000036e+03
5.478000000000000682e+02
9.419599999999999227e+02
1.553150000000000091e+03
1.447440000000000055e+03
9.958899999999998727e+02
8.003199999999999363e+02
7.876299999999998818e+02
9.130799999999999272e+02
5.807100000000000364e+02
9.513099999999999454e+02
6.403799999999998818e+02
9.332099999999998090e+02
8.742000000000000455e+02
7.988099999999999454e+02
1.217959999999999809e+03
1.165820000000000164e+03
1.186620000000000118e+03
7.717599999999999909e+02
9.748000000000000682e+02
7.470500000000000682e+02
9.304500000000000455e+02
1.051000000000000000e+03
7.673699999999998909e+02
1.007639999999999986e+03
1.124200000000000045e+03
9.072200000000000273e+02
1.767009999999999764e+03
8.551700000000000728e+02
1.565500000000000227e+03
1.250920000000000073e+03
9.384199999999999591e+02
