1.971712070196918187e+00
2.103407815529027669e+00
2.843051729415365436e+00
2.265712682379348752e+00
2.618049178655239562e+00
2.727247219671462108e+00
3.211177430874400329e+00
3.234593408835833017e+00
3.256121824303642942e+00
4.149602081420264099e+00
4.497627793082338954e+00
4.790404040404041552e+00
4.182761963064994148e+00
4.641133557800223741e+00
5.079507193143557586e+00
4.673834302622182690e+00
5.482476277930823372e+00
5.641873278236914757e+00
6.792623201714111048e+00
6.494337312519131267e+00
6.365396388123661708e+00
7.985307621671257294e+00
7.278721559024590171e+00
7.888990919293949133e+00
8.216891133557799876e+00
8.194750535659627744e+00
8.028313437404346331e+00
9.007193143556779802e+00
8.947887970615242992e+00
9.779741863075198438e+00
1.049336802367105470e+01
1.112001326395266076e+01
1.151459034792368108e+01
1.122395673910825487e+01
1.231626874808693017e+01
1.194732680338741027e+01
1.291273849607183166e+01
1.261065197428833784e+01
1.202040608101214048e+01
1.383034894398530845e+01
1.456902356902356921e+01
1.392753290480563244e+01
1.558629221508009444e+01
1.584578104275074040e+01
1.538360881542699587e+01
1.593322109988776702e+01
1.649005203550658294e+01
1.670378022650750083e+01
1.794804101622283810e+01
1.800836649321497873e+01
1.932499234771962193e+01
2.035381593714927106e+01
1.919742883379247189e+01
2.032065605550454279e+01
2.194617896133047807e+01
2.117817059483726183e+01
2.116812059993878492e+01
2.471694214876033158e+01
2.448788388939903982e+01
2.664518926640138829e+01
2.340539230690745853e+01
2.327089072543618187e+01
2.378012447709417287e+01
2.461210590756045491e+01
2.628851647791041302e+01
2.814608203244566909e+01
2.826624834200591607e+01
2.888593000714213233e+01
2.802854300581573455e+01
2.942947148250177847e+01
3.191411590654014674e+01
3.177071217222732002e+01
3.142832364044485516e+01
3.083539944903581187e+01
3.539049586776859257e+01
3.504953576165697626e+01
3.297944087338027686e+01
3.403920518314457411e+01
3.590271400877460906e+01
3.825357106417713027e+01
3.505239261299867337e+01
3.839524028160392533e+01
3.904884705642281517e+01
4.027604326089173981e+01
4.153088970513213951e+01
4.149137843077237164e+01
3.953298132843588064e+01
4.271337108458320131e+01
4.128522599734721155e+01
4.487215590245893537e+01
4.468260891745740793e+01
4.743016018773594311e+01
4.523686358534844487e+01
4.629231711049893505e+01
4.695689215386185111e+01
4.640240791755943661e+01
4.675390266299358188e+01
5.074678604224059342e+01
5.127530354045507011e+01
5.194156208550148079e+01
