1.460099999999999909e+02
2.585099999999999909e+02
1.015099999999999909e+02
4.157699999999999818e+02
3.329399999999999977e+02
7.011900000000000546e+02
4.231200000000000045e+02
5.773900000000001000e+02
5.540299999999999727e+02
5.991299999999999955e+02
4.970300000000000296e+02
1.037250000000000000e+03
4.864700000000000273e+02
2.328600000000000136e+02
6.410599999999999454e+02
9.217299999999999045e+02
6.582100000000000364e+02
3.156000000000000227e+02
1.120879999999999882e+03
8.263199999999999363e+02
5.768600000000000136e+02
6.574300000000000637e+02
4.983400000000000318e+02
8.878900000000001000e+02
1.020290000000000077e+03
9.952000000000000455e+02
8.990999999999999091e+02
1.066639999999999873e+03
6.958800000000001091e+02
1.115049999999999955e+03
1.025159999999999854e+03
8.096800000000000637e+02
1.106299999999999955e+03
8.913599999999999000e+02
6.770199999999999818e+02
1.133039999999999964e+03
6.377300000000000182e+02
9.172999999999999545e+02
7.174100000000000819e+02
1.104159999999999854e+03
1.423509999999999991e+03
6.535499999999999545e+02
9.939500000000000455e+02
1.110699999999999818e+03
7.527300000000000182e+02
8.594399999999999409e+02
9.210299999999999727e+02
9.420800000000000409e+02
1.128839999999999918e+03
6.326600000000000819e+02
1.029670000000000073e+03
7.710000000000000000e+02
9.229699999999999136e+02
1.375149999999999864e+03
6.483499999999999091e+02
1.009110000000000127e+03
1.120190000000000055e+03
8.183500000000001364e+02
5.975499999999999545e+02
9.495799999999999272e+02
8.440099999999999909e+02
1.128220000000000027e+03
8.221100000000000136e+02
9.802599999999999909e+02
5.059099999999999682e+02
1.009019999999999868e+03
1.223029999999999973e+03
7.943599999999999000e+02
1.025459999999999809e+03
7.930399999999999636e+02
1.161820000000000164e+03
1.154109999999999900e+03
1.052099999999999909e+03
5.187599999999999909e+02
6.954800000000000182e+02
1.092960000000000036e+03
1.212669999999999845e+03
9.777799999999999727e+02
6.903400000000000318e+02
9.841100000000000136e+02
1.324400000000000091e+03
8.924199999999999591e+02
6.399700000000000273e+02
8.613600000000000136e+02
9.943399999999999181e+02
1.271569999999999936e+03
7.605199999999999818e+02
9.608700000000000045e+02
9.295299999999999727e+02
7.078199999999999363e+02
7.646000000000000227e+02
5.695599999999999454e+02
8.350599999999999454e+02
4.715800000000000409e+02
8.342300000000000182e+02
1.085139999999999873e+03
9.212400000000000091e+02
9.582400000000000091e+02
1.145219999999999800e+03
1.259849999999999909e+03
