3.200566268748086807e-01
3.001436928204604948e-01
3.437191783151378743e-01
4.406565656565656353e-01
4.431563105805531033e-01
4.225504200251675169e-01
4.401166547631194526e-01
5.021851511750500263e-01
5.260092507567255549e-01
6.028594021018264248e-01
5.991310410502329598e-01
7.352566064687277025e-01
7.020584634220997655e-01
7.564534231200896741e-01
7.794825357956672862e-01
8.204945073631942920e-01
8.812918749787437278e-01
8.845398428731761076e-01
1.022714518926640226e+00
8.823121790293507738e-01
1.027645988504574337e+00
9.731957623371764177e-01
1.163971363466313358e+00
1.156285072951739545e+00
1.244515865727986892e+00
1.215509471822603160e+00
1.394691868176716865e+00
1.417121552222562642e+00
1.478896711219943594e+00
1.522225623235724301e+00
1.752197904975682397e+00
1.483373295241982026e+00
1.586849131041050187e+00
1.888438254599871247e+00
1.910225997347209104e+00
1.918873074176105087e+00
1.869103492840866521e+00
1.983292521171308831e+00
2.169485256606468848e+00
2.190074142094343923e+00
2.090012073597931952e+00
2.293898581777370271e+00
2.172537666224535258e+00
2.474309594259089362e+00
2.519972451790633894e+00
2.659269462299765241e+00
2.664677073767983018e+00
2.672656701697106119e+00
2.830791075740570761e+00
2.816698126041560446e+00
2.788342175968438141e+00
3.077271026765976192e+00
3.096048872564024279e+00
3.253349998299493784e+00
3.232250960786314131e+00
3.508846886372139373e+00
3.309823827500595339e+00
3.377555011393394757e+00
3.619473353059211806e+00
3.899844403632281686e+00
3.725138591300207302e+00
3.733109716695575120e+00
3.944907832534095160e+00
4.462389041934496703e+00
3.963047988300513857e+00
4.192425092677618537e+00
4.096894874672652342e+00
4.477366255144032969e+00
4.594794748835153264e+00
4.430121926334048332e+00
4.364452606876850105e+00
4.776799986395945830e+00
4.855312383090160999e+00
4.689568241335918763e+00
4.908844335612013943e+00
5.431992483760160972e+00
5.862947658402203999e+00
5.357012889841172409e+00
5.515023977145188994e+00
5.607914158419208484e+00
5.874617385981022011e+00
5.551278781076761426e+00
5.654907662483420694e+00
6.247776587423051531e+00
6.034307723701664017e+00
6.218349318096793255e+00
6.533066353773424595e+00
6.532747508757609900e+00
6.375021256334388653e+00
6.085994626398666618e+00
6.797950039111655407e+00
7.250607931163488118e+00
7.144470802299084156e+00
7.266903037105056029e+00
7.203278577015951534e+00
7.641426895214774362e+00
7.279928918817808459e+00
7.563530932217800817e+00
7.981345440941402636e+00
8.327849199061320817e+00
