1.666743189470462072e+00
2.041475359657177968e+00
2.106239159269461592e+00
2.181384552596673743e+00
2.766732986429956132e+00
3.124298540965207316e+00
3.202224262830323465e+00
3.615090296908479495e+00
3.693475155596367632e+00
3.399474543413937067e+00
4.196280991735537924e+00
4.217120701969187202e+00
5.477323742475259216e+00
5.257269666360575577e+00
4.336215692276298661e+00
5.302673196612590623e+00
5.492475257626772134e+00
5.472681359044995197e+00
5.866187123762880873e+00
6.834608713396591817e+00
6.746403428221610099e+00
7.706560555045403937e+00
7.587899193959801281e+00
7.644066931945721954e+00
8.266937047240077163e+00
7.743597592082440251e+00
8.953856749311295715e+00
8.558386899295989281e+00
9.048209366391184005e+00
8.717860422405877330e+00
9.853203754718904861e+00
1.058017039077645194e+01
1.116809509233751818e+01
1.227208958269564398e+01
1.089615855524946575e+01
1.259131721252933289e+01
1.332024793388429806e+01
1.296046321803897783e+01
1.366995714722987643e+01
1.377854300581573277e+01
1.351369758187940029e+01
1.388167023773084452e+01
1.547704315886134019e+01
1.539233241505968586e+01
1.586697785940210004e+01
1.638332823181308484e+01
1.726757473727171188e+01
1.589090398938883730e+01
1.792064585246403396e+01
1.867982858891949860e+01
1.957027344148556125e+01
2.009493929190899308e+01
1.998245077032956019e+01
2.078425670849912876e+01
2.092365574941332440e+01
2.047747678808284633e+01
2.179030200999898170e+01
2.334817875726966818e+01
2.119760738700133018e+01
2.564927048260382136e+01
2.261460565248443899e+01
2.462271706968676810e+01
2.537603305785124164e+01
2.634243954698500545e+01
2.662332925211713075e+01
2.858182838485869226e+01
2.659657177838995779e+01
2.917064585246403396e+01
2.822148250178553397e+01
2.864518926640138474e+01
2.793105295378022745e+01
3.447199265381083677e+01
3.330104071013161615e+01
3.353535353535353636e+01
3.092312008978676019e+01
3.333764411794714988e+01
3.484889297010509779e+01
3.602742067136006909e+01
3.639562289562289266e+01
3.695587184981124551e+01
3.497515559636772053e+01
3.782001836547291163e+01
4.120130598918478171e+01
3.971954392408936485e+01
3.877614529129681387e+01
4.185922354861748573e+01
4.381540148964392500e+01
4.171446791143760890e+01
3.947507907356391854e+01
4.562603305785125229e+01
4.215322416079991541e+01
4.674663299663300364e+01
4.600890215284155005e+01
4.995492806856443480e+01
4.678443526170797639e+01
5.234639322518110305e+01
5.115574941332517511e+01
4.753203754718906993e+01
4.970798898071625871e+01
5.339590347923681435e+01
