6.354028500493146270e-01
5.793881576709859482e-01
6.196901676699656525e-01
5.068530422065776753e-01
5.934683535693636713e-01
6.747185661327076422e-01
6.300292487161173183e-01
6.885947012209637785e-01
6.411930755365099488e-01
6.028466483011938326e-01
6.128286229296330268e-01
6.089174574023060726e-01
5.978641635207291305e-01
6.358109716695575786e-01
6.737237696833655587e-01
6.778730061558344566e-01
7.734244804951877494e-01
7.327738666122504130e-01
8.307230554705302694e-01
7.362258953168046016e-01
6.500782233105465435e-01
7.339387137366935043e-01
7.493623099683704991e-01
8.059381695745331253e-01
7.747508757609768981e-01
6.496956092915688874e-01
7.609172533414957362e-01
6.687242798353910667e-01
6.788848076726865521e-01
7.714178825289936814e-01
7.306992483760161861e-01
7.177328843995509633e-01
8.388769853416317979e-01
7.586980920314253529e-01
8.773679556507839594e-01
7.240417644458048141e-01
8.637468965751794459e-01
7.583069754786926353e-01
8.681767166615651510e-01
9.225589225589224673e-01
8.715607250960787367e-01
8.852327993742136192e-01
8.893480257116620491e-01
8.136669727578816902e-01
1.040701629085467594e+00
9.034622317450599072e-01
8.986668027072067799e-01
9.393344216576539063e-01
8.766197326803389922e-01
9.038023330952624779e-01
9.356188144066931445e-01
9.734380845491955592e-01
8.131228105975580878e-01
9.444954596469746777e-01
8.708975274631839403e-01
8.458150528857599770e-01
9.343774444784546107e-01
9.384756657483928066e-01
9.863449307893752405e-01
1.093085739550386126e+00
1.027335646022514704e+00
1.095789545284494793e+00
8.982671836207188898e-01
1.062782709247355628e+00
1.070664558038295633e+00
1.117071387273407712e+00
9.237832874196511002e-01
9.803421419583034924e-01
9.971516511920553993e-01
1.046406829235112079e+00
8.762796313301364215e-01
8.703873754378804728e-01
9.665935448763730564e-01
1.035999727918919699e+00
1.086419753086419693e+00
1.014726388463762285e+00
1.210123116688773370e+00
1.113857429513995134e+00
1.055963677175798532e+00
1.123907424412474931e+00
9.957232255212055128e-01
1.106052103526850905e+00
1.172848008706594669e+00
1.045862667074788144e+00
9.832330034350237336e-01
1.039859878243716507e+00
1.300598578376356285e+00
1.117385981022344765e+00
1.170985953814236868e+00
1.154610073801992653e+00
1.255509641873278293e+00
1.347762133115668615e+00
1.110515933748257078e+00
1.181911709689487777e+00
1.299671802197054804e+00
1.129374553616978138e+00
1.223599632690542061e+00
1.298345406931265433e+00
1.245187565894636750e+00
1.131797775737169554e+00
