1.851700000000000159e+02
2.511099999999999852e+02
3.063300000000000409e+02
1.669000000000000057e+02
4.435200000000000387e+02
4.143400000000000318e+02
7.365199999999999818e+02
4.446899999999999409e+02
2.703700000000000045e+02
7.370799999999999272e+02
1.452059999999999945e+03
8.489100000000000819e+02
4.218200000000000500e+02
3.090899999999999750e+02
9.559700000000000273e+02
1.181509999999999991e+03
3.575199999999999818e+02
7.577500000000000000e+02
5.714600000000000364e+02
5.186399999999999864e+02
7.659100000000000819e+02
5.932799999999999727e+02
9.264600000000000364e+02
5.712900000000000773e+02
5.874900000000000091e+02
6.120799999999999272e+02
5.739300000000000637e+02
6.738200000000000500e+02
9.824600000000000364e+02
6.592899999999999636e+02
8.494100000000000819e+02
1.266970000000000027e+03
5.056700000000000159e+02
1.283920000000000073e+03
9.907400000000000091e+02
9.013999999999999773e+02
7.122600000000001046e+02
6.368199999999999363e+02
1.219440000000000055e+03
1.647859999999999900e+03
3.999300000000000068e+02
7.514099999999999682e+02
5.925499999999999545e+02
5.348200000000000500e+02
9.723999999999999773e+02
6.069199999999999591e+02
1.008720000000000027e+03
3.599100000000000250e+02
1.372480000000000018e+03
1.204130000000000109e+03
7.995900000000000318e+02
5.102999999999999545e+02
1.551599999999999909e+03
8.537300000000000182e+02
8.868999999999999773e+02
1.249250000000000000e+03
9.487799999999999727e+02
6.481299999999999955e+02
9.568499999999999091e+02
1.140910000000000082e+03
1.483409999999999854e+03
1.441500000000000000e+03
1.029829999999999927e+03
1.304550000000000182e+03
7.821299999999998818e+02
9.935399999999999636e+02
1.183190000000000055e+03
6.989399999999999409e+02
6.946800000000000637e+02
1.641369999999999891e+03
3.941499999999999773e+02
9.508199999999998226e+02
7.528900000000001000e+02
8.604800000000000182e+02
7.951200000000001182e+02
1.151129999999999882e+03
1.145720000000000027e+03
5.708999999999999773e+02
5.948900000000001000e+02
9.797400000000000091e+02
8.112999999999999545e+02
9.404999999999998863e+02
9.351900000000000546e+02
1.040039999999999964e+03
1.379140000000000100e+03
1.410650000000000091e+03
1.174380000000000109e+03
9.859100000000000819e+02
8.862100000000000364e+02
1.090089999999999918e+03
1.001050000000000182e+03
9.646200000000000045e+02
7.340499999999999545e+02
1.931300000000000182e+03
8.131600000000000819e+02
8.504800000000000182e+02
5.151000000000000227e+02
9.765399999999999636e+02
6.878899999999999864e+02
1.037460000000000036e+03
