8.470000000000001705e+01
1.603100000000000023e+02
7.753999999999999204e+01
2.653100000000000023e+02
1.697099999999999795e+02
5.727899999999999636e+02
2.731100000000000136e+02
1.683400000000000034e+02
4.650799999999999841e+02
9.435000000000000853e+01
1.037199999999999704e+02
2.332199999999999989e+02
1.556800000000000068e+02
2.718199999999999932e+02
3.898499999999999659e+02
5.028999999999999204e+02
2.180900000000000318e+02
1.542300000000000182e+02
2.878600000000000136e+02
1.369100000000000250e+02
1.908199999999999932e+02
1.845600000000000023e+02
2.588500000000000227e+02
1.892300000000000182e+02
5.797100000000000364e+02
1.626400000000000148e+02
1.392699999999999818e+02
2.089600000000000080e+02
1.565900000000000034e+02
2.256599999999999682e+02
1.035610000000000127e+03
1.158400000000000034e+02
2.831800000000000068e+02
2.242599999999999909e+02
3.399399999999999409e+02
2.380500000000000114e+02
3.393500000000000227e+02
1.050099999999999909e+02
3.416000000000000227e+02
5.684700000000000273e+02
4.042700000000000387e+02
2.915200000000000387e+02
2.328900000000000148e+02
2.828199999999999932e+02
3.337300000000000182e+02
2.346900000000000261e+02
2.704000000000000341e+02
8.330000000000001137e+02
3.653999999999999773e+02
3.374200000000000159e+02
6.509299999999999500e+02
5.615599999999999454e+02
1.174749999999999773e+03
2.930800000000000409e+02
8.512899999999999636e+02
2.351099999999999852e+02
3.524700000000000273e+02
2.606000000000000227e+02
8.760599999999999454e+02
9.412100000000000364e+02
6.678399999999999181e+02
7.094000000000000909e+02
3.397300000000000182e+02
5.289299999999999500e+02
6.760199999999999818e+02
3.690799999999999841e+02
5.011100000000000136e+02
6.130400000000000773e+02
5.951899999999999409e+02
4.018799999999999955e+02
4.284599999999999227e+02
4.191599999999999682e+02
6.171399999999999864e+02
1.418100000000000023e+02
2.465699999999999932e+02
3.708899999999999864e+02
3.954599999999999795e+02
6.548699999999998909e+02
8.977399999999998954e+02
1.030049999999999955e+03
5.794800000000001319e+02
6.537699999999999818e+02
7.161200000000001182e+02
8.380299999999999727e+02
4.041500000000000341e+02
4.642599999999999909e+02
6.617099999999999227e+02
8.330700000000000500e+02
7.037100000000000364e+02
8.570899999999999181e+02
4.877300000000000182e+02
7.783800000000001091e+02
9.732899999999999636e+02
9.961200000000001182e+02
1.011050000000000068e+03
2.110000000000000000e+02
6.344499999999999318e+02
9.943800000000001091e+02
1.206039999999999964e+03
5.948099999999999454e+02
