2.251199999999999761e+02
4.141399999999999864e+02
1.451400000000000432e+02
2.563799999999999955e+02
3.746200000000000045e+02
4.286599999999999682e+02
7.620000000000001705e+01
3.752799999999999727e+02
2.329200000000000443e+02
9.026999999999999318e+02
5.881800000000000637e+02
4.719200000000000728e+02
1.300819999999999936e+03
1.163079999999999927e+03
1.647640000000000100e+03
3.710059999999999491e+03
3.963979999999999563e+03
1.679980000000000018e+03
4.275239999999999782e+03
3.354860000000000127e+03
1.805519999999999982e+03
5.941580000000000837e+03
5.755180000000000291e+03
7.853360000000000582e+03
4.970319999999999709e+03
6.722139999999999418e+03
9.053539999999999054e+03
3.531639999999999873e+03
6.591079999999999927e+03
5.603260000000000218e+03
1.176436000000000058e+04
1.043782000000000153e+04
9.465599999999998545e+03
1.438512000000000080e+04
1.137204000000000087e+04
1.178420000000000073e+04
6.386779999999999745e+03
1.425150000000000000e+04
1.912359999999999854e+04
7.208380000000000109e+03
1.403753999999999905e+04
8.840139999999999418e+03
9.083880000000001019e+03
1.104465999999999985e+04
1.445629999999999927e+04
1.920178000000000247e+04
2.520838000000000466e+04
1.710020000000000073e+04
1.812042000000000189e+04
1.918861999999999898e+04
2.004340000000000146e+04
1.892002000000000044e+04
1.450201999999999862e+04
1.430804000000000087e+04
1.549319999999999709e+04
2.000406000000000131e+04
2.113431999999999607e+04
1.682104000000000087e+04
1.504135999999999876e+04
2.015802000000000044e+04
2.096308000000000175e+04
2.558834000000000015e+04
1.934801999999999680e+04
1.776155999999999767e+04
1.434912000000000080e+04
1.736075999999999840e+04
1.444092000000000007e+04
1.312531999999999971e+04
1.790510000000000218e+04
2.266739999999999782e+04
2.198133999999999651e+04
1.980246000000000276e+04
2.636072000000000116e+04
1.538785999999999876e+04
1.664772000000000116e+04
1.608686000000000058e+04
2.553782000000000335e+04
2.046879999999999927e+04
2.406445999999999913e+04
2.176102000000000044e+04
1.960197999999999956e+04
2.420600000000000000e+04
1.773610000000000218e+04
1.682752000000000044e+04
2.643739999999999782e+04
2.243178000000000247e+04
1.079179999999999927e+04
2.665861999999999534e+04
2.131141999999999825e+04
1.805798000000000320e+04
2.443895999999999913e+04
2.696225999999999840e+04
3.089237999999999738e+04
2.848197999999999593e+04
2.334400000000000000e+04
2.679413999999999942e+04
2.627062000000000262e+04
2.524689999999999418e+04
1.972443999999999869e+04
1.921915999999999985e+04
