2.437037037037037036e-03
9.325925925925926743e-03
1.626018518518518308e-02
2.218518518518518279e-02
3.339351851851850295e-02
4.582222222222220864e-02
5.313148148148146011e-02
6.998981481481481026e-02
8.642129629629628773e-02
1.016583333333333089e-01
1.200981481481481206e-01
1.259249999999999814e-01
1.649175925925926156e-01
1.723962962962962975e-01
1.790120370370370528e-01
2.422796296296296503e-01
2.558046296296296318e-01
2.988814814814814702e-01
3.111416666666667052e-01
3.452259259259259916e-01
3.688768518518518724e-01
4.398712962962962880e-01
4.410814814814815188e-01
4.944083333333332830e-01
5.238231481481482321e-01
5.110138888888888786e-01
5.995694444444443771e-01
6.182935185185184368e-01
7.489907407407407902e-01
7.220361111111111008e-01
7.522138888888889596e-01
7.906370370370371381e-01
8.567222222222222738e-01
9.305314814814813484e-01
9.664814814814814969e-01
1.050689814814814937e+00
1.032307407407407229e+00
1.167544444444444496e+00
1.158731481481481751e+00
1.272987037037036862e+00
1.304116666666666591e+00
1.334195370370370393e+00
1.386112037037037226e+00
1.472459259259259579e+00
1.539835185185185251e+00
1.559588888888888913e+00
1.695149074074074225e+00
1.787931481481481510e+00
1.828447222222222335e+00
1.874402777777777862e+00
1.869809259259259226e+00
2.033315740740740729e+00
2.173042592592592914e+00
2.149812962962963425e+00
2.231362962962962992e+00
2.378341666666666132e+00
2.315062037037037168e+00
2.482781481481481034e+00
2.707580555555555879e+00
2.720149074074074136e+00
2.777736111111110517e+00
2.933781481481481990e+00
2.861637037037036979e+00
2.930661111111111605e+00
3.146877777777778551e+00
3.188159259259259137e+00
3.192902777777777867e+00
3.326677777777777845e+00
3.531456481481481724e+00
3.601053703703703590e+00
3.842312962962963319e+00
3.639884259259259291e+00
3.840032407407407256e+00
4.033325000000000493e+00
4.068978703703703736e+00
4.430275925925926117e+00
4.362777777777778532e+00
4.488156481481482274e+00
4.466915740740741825e+00
4.542693518518518658e+00
4.819511111111111745e+00
4.725238888888888766e+00
5.130829629629629629e+00
5.306482407407408175e+00
5.046477777777777618e+00
5.474590740740740813e+00
5.498623148148148232e+00
5.533645370370369854e+00
5.655157407407407355e+00
5.976369444444444845e+00
5.989206481481481603e+00
6.107767592592592720e+00
6.243486111111112180e+00
6.283147222222222439e+00
6.758658333333333879e+00
6.485091666666667365e+00
6.792346296296296160e+00
6.763528703703705069e+00
7.051245370370371468e+00
7.315974074074074629e+00
