7.409703091521274709e-01
9.019895928986838562e-01
8.458677685950413139e-01
1.355157636975818924e+00
1.352234465870829627e+00
1.720860116314661736e+00
1.877318640955005558e+00
1.953443526170798972e+00
1.966498316498316301e+00
2.388674625038262000e+00
2.679308233853688659e+00
3.074058769513315692e+00
3.234894398530762327e+00
3.533700642791551605e+00
3.641888582797673912e+00
4.274380165289256794e+00
4.301101928374655436e+00
4.936593204775022947e+00
5.030930517294152970e+00
5.290327517600245777e+00
5.517477808386900051e+00
5.939041934496479769e+00
6.445102540557086535e+00
7.094061830425467896e+00
7.303382307927760664e+00
7.439271502907866207e+00
8.422819100091826883e+00
8.859917355371900172e+00
8.206932966023876119e+00
1.022539026629935854e+01
9.560575451484544018e+00
1.049107744107744189e+01
1.059242424242424363e+01
1.160142332415059840e+01
1.138070094888276707e+01
1.366106519742883485e+01
1.323852157943067276e+01
1.494282216100398131e+01
1.354277624732170260e+01
1.557389041934496454e+01
1.634343434343434964e+01
1.616522803795531260e+01
1.653512396694214459e+01
1.751515151515151558e+01
1.848927150290786869e+01
1.920137741046832147e+01
1.938913376186103577e+01
2.153497092133456192e+01
2.128686868686869005e+01
2.269289868380777619e+01
0.000000000000000000e+00
0.000000000000000000e+00
0.000000000000000000e+00
0.000000000000000000e+00
0.000000000000000000e+00
0.000000000000000000e+00
0.000000000000000000e+00
0.000000000000000000e+00
0.000000000000000000e+00
0.000000000000000000e+00
0.000000000000000000e+00
0.000000000000000000e+00
0.000000000000000000e+00
0.000000000000000000e+00
0.000000000000000000e+00
0.000000000000000000e+00
0.000000000000000000e+00
0.000000000000000000e+00
0.000000000000000000e+00
0.000000000000000000e+00
0.000000000000000000e+00
0.000000000000000000e+00
0.000000000000000000e+00
0.000000000000000000e+00
0.000000000000000000e+00
0.000000000000000000e+00
0.000000000000000000e+00
0.000000000000000000e+00
0.000000000000000000e+00
0.000000000000000000e+00
0.000000000000000000e+00
0.000000000000000000e+00
0.000000000000000000e+00
0.000000000000000000e+00
0.000000000000000000e+00
0.000000000000000000e+00
0.000000000000000000e+00
0.000000000000000000e+00
0.000000000000000000e+00
0.000000000000000000e+00
0.000000000000000000e+00
0.000000000000000000e+00
0.000000000000000000e+00
0.000000000000000000e+00
0.000000000000000000e+00
0.000000000000000000e+00
0.000000000000000000e+00
0.000000000000000000e+00
0.000000000000000000e+00
0.000000000000000000e+00
