1.186333333333333258e+03
5.377033333333333758e+03
7.957900000000001455e+03
8.066933333333333394e+03
1.009329999999999927e+04
1.150393333333333248e+04
1.140836666666666679e+04
9.584466666666667152e+03
1.390153333333333285e+04
1.212546666666666715e+04
1.217083333333333212e+04
1.409453333333333285e+04
1.069336666666666497e+04
1.425976666666666642e+04
1.213709999999999854e+04
1.471313333333333503e+04
1.404946666666666715e+04
1.306303333333333285e+04
1.441130000000000109e+04
1.491953333333333285e+04
1.422079999999999927e+04
1.378293333333333248e+04
1.250143333333333430e+04
1.277623333333333358e+04
1.407753333333333285e+04
1.315680000000000109e+04
1.351006666666666752e+04
1.520306666666666752e+04
1.429803333333333285e+04
1.354383333333333576e+04
1.418450000000000000e+04
1.485303333333333467e+04
1.520503333333333285e+04
1.242229999999999927e+04
1.534960000000000036e+04
1.492100000000000182e+04
1.534423333333333358e+04
1.520450000000000000e+04
1.230106666666666752e+04
1.419863333333333321e+04
1.523379999999999927e+04
1.486210000000000036e+04
1.554770000000000255e+04
1.419056666666666752e+04
1.262166666666666606e+04
1.360883333333333394e+04
1.266489999999999964e+04
1.634629999999999927e+04
1.478739999999999964e+04
1.350516666666666606e+04
0.000000000000000000e+00
0.000000000000000000e+00
0.000000000000000000e+00
0.000000000000000000e+00
0.000000000000000000e+00
0.000000000000000000e+00
0.000000000000000000e+00
0.000000000000000000e+00
0.000000000000000000e+00
0.000000000000000000e+00
0.000000000000000000e+00
0.000000000000000000e+00
0.000000000000000000e+00
0.000000000000000000e+00
0.000000000000000000e+00
0.000000000000000000e+00
0.000000000000000000e+00
0.000000000000000000e+00
0.000000000000000000e+00
0.000000000000000000e+00
0.000000000000000000e+00
0.000000000000000000e+00
0.000000000000000000e+00
0.000000000000000000e+00
0.000000000000000000e+00
0.000000000000000000e+00
0.000000000000000000e+00
0.000000000000000000e+00
0.000000000000000000e+00
0.000000000000000000e+00
0.000000000000000000e+00
0.000000000000000000e+00
0.000000000000000000e+00
0.000000000000000000e+00
0.000000000000000000e+00
0.000000000000000000e+00
0.000000000000000000e+00
0.000000000000000000e+00
0.000000000000000000e+00
0.000000000000000000e+00
0.000000000000000000e+00
0.000000000000000000e+00
0.000000000000000000e+00
0.000000000000000000e+00
0.000000000000000000e+00
0.000000000000000000e+00
0.000000000000000000e+00
0.000000000000000000e+00
0.000000000000000000e+00
0.000000000000000000e+00
